0 190
1 190
2 190
3 190
4 190
5 190
6 190
7 190
8 190
9 190
10 190
11 190
12 190
13 190
14 190
15 190
16 190
17 190
18 190
19 190
20 190
21 190
22 190
23 190
24 190
25 190
26 190
27 190
28 190
29 190
30 190
31 190
32 190
33 190
34 190
35 190
36 190
37 190
38 190
39 190
40 190
41 190
42 190
43 190
44 190
45 190
46 190
47 190
48 190
49 190
50 190
51 190
52 190
53 190
54 190
55 190
56 190
57 190
58 190
59 190
60 190
61 190
62 190
63 190
64 190
65 190
66 190
67 190
68 190
69 190
70 190
71 190
72 190
73 190
74 190
75 190
76 190
77 190
78 190
79 190
80 190
81 190
82 190
83 190
84 190
85 190
86 190
87 190
88 190
89 190
90 190
91 190
92 190
93 190
94 190
95 190
96 190
97 190
98 190
99 190
100 190
101 190
102 190
103 190
104 190
105 190
106 190
107 190
108 190
109 190
110 190
111 190
112 190
113 190
114 190
115 190
116 190
117 190
118 190
119 190
120 190
121 190
122 190
123 190
124 190
125 190
126 190
127 190
128 190
129 190
130 190
131 190
132 190
133 190
134 190
135 190
136 190
137 190
138 190
139 190
140 190
141 190
142 190
143 190
144 190
145 190
146 190
147 190
148 190
149 190
150 190
151 190
152 190
153 190
154 190
155 190
156 190
157 190
158 190
159 190
160 190
161 190
162 190
163 190
164 190
165 190
166 190
167 190
168 190
169 190
170 190
171 190
172 190
173 190
174 190
175 190
176 190
177 190
178 190
179 190
180 190
181 190
182 190
183 190
184 190
185 190
186 190
187 190
188 190
189 190
190 190
191 190
192 190
193 190
194 190
195 190
196 190
197 190
198 190
199 190
200 190
201 190
202 190
203 190
204 190
205 190
206 190
207 190
208 190
209 190
210 190
211 190
212 190
213 190
214 190
215 190
216 190
217 190
218 190
219 190
220 190
221 190
222 190
223 190
224 190
225 190
226 190
227 190
228 190
229 190
230 190
231 190
232 190
233 190
234 190
235 190
236 190
237 190
238 190
239 190
240 190
241 190
242 190
243 190
244 190
245 190
246 190
247 190
248 190
249 190
250 190
251 190
252 190
253 190
254 190
255 190
256 190
257 190
258 190
259 190
260 190
261 190
262 190
263 190
264 190
265 190
266 190
267 190
268 190
269 190
270 190
271 190
272 190
273 190
274 190
275 190
276 190
277 190
278 190
279 190
280 190
281 190
282 190
283 190
284 190
285 190
286 190
287 190
288 190
289 190
290 190
291 190
292 190
293 190
294 190
295 190
296 190
297 190
298 190
299 190
300 190
301 190
302 190
303 190
304 190
305 190
306 190
307 190
308 190
309 190
310 190
311 190
312 190
313 190
314 190
315 190
316 190
317 190
318 190
319 190
320 190
321 190
322 190
323 190
324 190
325 190
326 190
327 190
328 190
329 190
330 190
331 190
332 190
333 190
334 190
335 190
336 190
337 190
338 190
339 190
340 190
341 190
342 190
343 190
344 190
345 190
346 190
347 190
348 190
349 190
350 190
351 190
352 190
353 190
354 190
355 190
356 190
357 190
358 190
359 190
360 190
360 189
360 188
360 187
360 186
360 185
360 184
360 183
360 182
360 181
360 180
360 179
360 178
360 177
360 176
360 175
360 174
360 173
360 172
360 171
360 170
360 169
360 168
360 167
360 166
360 165
360 164
360 163
360 162
360 161
360 160
360 159
360 158
360 157
360 156
360 155
360 154
360 153
360 152
360 151
360 150
361 150
362 150
363 150
364 150
365 150
366 150
367 150
368 150
369 150
370 150
371 150
372 150
373 150
374 150
375 150
376 150
377 150
378 150
379 150
380 150
381 150
382 150
383 150
384 150
385 150
386 150
387 150
388 150
389 150
390 150
391 150
392 150
393 150
394 150
395 150
396 150
397 150
398 150
399 150
400 150
401 150
402 150
403 150
404 150
405 150
406 150
407 150
408 150
409 150
410 150
411 150
412 150
413 150
414 150
415 150
416 150
417 150
418 150
419 150
420 150
421 150
422 150
423 150
424 150
425 150
426 150
427 150
428 150
429 150
430 150
431 150
432 150
433 150
434 150
435 150
436 150
437 150
438 150
439 150
440 150
441 150
442 150
443 150
444 150
445 150
446 150
447 150
448 150
449 150
450 150
450 149
450 148
450 147
450 146
450 145
450 144
450 143
450 142
450 141
450 140
450 139
450 138
450 137
450 136
450 135
450 134
450 133
450 132
450 131
450 130
450 129
450 128
450 127
450 126
450 125
450 124
450 123
450 122
450 121
450 120
450 119
450 118
450 117
450 116
450 115
450 114
450 113
450 112
450 111
450 110
450 109
450 108
450 107
450 106
450 105
450 104
450 103
450 102
450 101
450 100
450 99
450 98
450 97
450 96
450 95
450 94
450 93
450 92
450 91
450 90
450 89
450 88
450 87
450 86
450 85
450 84
450 83
450 82
450 81
450 80
450 79
450 78
450 77
450 76
450 75
450 74
450 73
450 72
450 71
450 70
450 69
450 68
450 67
450 66
450 65
450 64
450 63
450 62
450 61
450 60
450 59
450 58
450 57
450 56
450 55
450 54
450 53
450 52
450 51
450 50
450 49
450 48
450 47
450 46
450 45
450 44
450 43
450 42
450 41
450 40
450 39
450 38
450 37
450 36
450 35
450 34
450 33
450 32
450 31
450 30
450 29
450 28
450 27
450 26
450 25
450 24
450 23
450 22
450 21
450 20
450 19
450 18
450 17
450 16
450 15
450 14
450 13
450 12
450 11
450 10
450 9
450 8
450 7
450 6
450 5
450 4
450 3
450 2
450 1
450 0