60 270
60 269
60 268
60 267
60 266
60 265
60 264
60 263
60 262
60 261
60 260
60 259
60 258
60 257
60 256
60 255
60 254
60 253
60 252
60 251
60 250
60 249
60 248
60 247
60 246
60 245
60 244
60 243
60 242
60 241
60 240
60 239
60 238
60 237
60 236
60 235
60 234
60 233
60 232
60 231
60 230
60 229
60 228
60 227
60 226
60 225
60 224
60 223
60 222
60 221
60 220
60 219
60 218
60 217
60 216
60 215
60 214
60 213
60 212
60 210
61 210
62 210
63 210
64 210
65 210
66 210
67 210
68 210
69 210
70 210
71 210
72 210
73 210
74 210
75 210
76 210
77 210
78 210
79 210
80 210
81 210
82 210
83 210
84 210
85 210
86 210
87 210
88 210
89 210
90 210
91 210
92 210
93 210
94 210
95 210
96 210
97 210
98 210
99 210
100 210
101 210
102 210
103 210
104 210
105 210
106 210
107 210
108 210
109 210
110 210
111 210
112 210
113 210
114 210
115 210
116 210
117 210
118 210
119 210
120 210
121 210
122 210
123 210
124 210
125 210
126 210
127 210
128 210
129 210
130 210
131 210
132 210
133 210
134 210
135 210
136 210
137 210
138 210
139 210
140 210
141 210
142 210
143 210
144 210
145 210
146 210
147 210
148 210
149 210
150 210
151 210
152 210
153 210
154 210
155 210
156 210
157 210
158 210
159 210
160 210
161 210
162 210
163 210
164 210
165 210
166 210
167 210
168 210
169 210
170 210
171 210
172 210
173 210
174 210
175 210
176 210
177 210
178 210
179 210
180 210
181 210
182 210
183 210
184 210
185 210
186 210
187 210
188 210
189 210
190 210
191 210
192 210
193 210
194 210
195 210
196 210
197 210
198 210
199 210
200 210
201 210
202 210
203 210
204 210
205 210
206 210
207 210
208 210
209 210
210 210
211 210
212 210
213 210
214 210
215 210
216 210
217 210
218 210
219 210
220 210
221 210
222 210
223 210
224 210
225 210
226 210
227 210
228 210
229 210
230 210
231 210
232 210
233 210
234 210
235 210
236 210
237 210
238 210
239 210
240 210
241 210
242 210
243 210
244 210
245 210
246 210
247 210
248 210
249 210
250 210
251 210
252 210
253 210
254 210
255 210
256 210
257 210
258 210
259 210
260 210
261 210
262 210
263 210
264 210
265 210
266 210
267 210
268 210
269 210
270 210
271 210
272 210
273 210
274 210
275 210
276 210
277 210
278 210
279 210
280 210
281 210
282 210
283 210
284 210
285 210
286 210
287 210
288 210
289 210
290 210
291 210
292 210
293 210
294 210
295 210
296 210
297 210
298 210
299 210
300 210
301 210
302 210
303 210
304 210
305 210
306 210
307 210
308 210
309 210
310 210
311 210
312 210
313 210
314 210
315 210
316 210
317 210
318 210
319 210
320 210
321 210
322 210
323 210
324 210
325 210
326 210
327 210
328 210
329 210
330 210
331 210
332 210
333 210
334 210
335 210
336 210
337 210
338 210
339 210
340 210
341 210
342 210
343 210
344 210
345 210
346 210
347 210
348 210
349 210
350 210
350 210
350 209
350 208
350 207
350 206
350 205
350 204
350 203
350 202
350 201
350 200
350 199
350 198
350 197
350 196
350 195
350 194
350 193
350 192
350 191
350 190
350 189
350 188
350 187
350 186
350 185
350 184
350 183
350 182
350 181
350 180
350 179
350 178
350 177
350 176
350 175
350 174
350 173
350 172
350 171
350 170
350 169
350 168
350 167
350 166
350 165
350 164
350 163
350 162
350 161
350 160
350 159
350 158
350 157
350 156
350 155
350 154
350 153
350 152
350 151
350 150
350 149
350 148
350 147
350 146
350 145
350 144
350 143
350 142
350 141
350 140
350 139
350 138
350 137
350 136
350 135
350 134
350 133
350 132
350 131
350 130
350 129
350 128
350 127
350 126
350 125
350 124
350 123
350 122
350 121
350 120
350 119
350 118
350 117
350 116
350 115
350 114
350 113
350 112
350 111
350 110
350 109
350 108
350 107
350 106
350 105
350 104
350 103
350 102
350 101
350 100
350 99
350 98
350 97
350 96
350 95
350 94
350 93
350 92
350 91
350 90
350 89
350 88
350 87
350 86
350 85
350 84
350 83
350 82
350 81
350 80
350 79
350 78
350 77
350 76
350 75
350 74
350 73
350 72
350 71
350 70
350 69
350 68
350 67
350 66
350 65
350 64
350 63
350 62
350 61
350 60
350 59
350 58
350 57
350 56
350 55
350 54
350 53
350 52
350 51
350 50
350 49
350 48
350 47
350 46
350 45
350 44
350 43
350 42
350 41
350 40
350 39
350 38
350 37
350 36
350 35
350 34
350 33
350 32
350 31
350 30
350 29
350 28
350 27
350 26
350 25
350 24
350 23
350 22
350 21
350 20
350 19
350 18
350 17
350 16
350 15
350 14
350 13
350 12
350 11
350 10
350 9
350 8
350 7
350 6
350 5
350 4
350 3
350 2
350 1
350 0