0 210
1 210
2 210
3 210
4 210
5 210
6 210
7 210
8 210
9 210
10 210
11 210
12 210
13 210
14 210
15 210
16 210
17 210
18 210
19 210
20 210
21 210
22 210
23 210
24 210
25 210
26 210
27 210
28 210
29 210
30 210
31 210
32 210
33 210
34 210
35 210
36 210
37 210
38 210
39 210
40 210
41 210
42 210
43 210
44 210
45 210
46 210
47 210
48 210
49 210
50 210
51 210
52 210
53 210
54 210
55 210
56 210
57 210
58 210
59 210
60 210
61 210
62 210
63 210
64 210
65 210
66 210
67 210
68 210
69 210
70 210
71 210
72 210
73 210
74 210
75 210
76 210
77 210
78 210
79 210
80 210
81 210
82 210
83 210
84 210
85 210
86 210
87 210
88 210
89 210
90 210
91 210
92 210
93 210
94 210
95 210
96 210
97 210
98 210
99 210
100 210
101 210
102 210
103 210
104 210
105 210
106 210
107 210
108 210
109 210
110 210
111 210
112 210
113 210
114 210
115 210
116 210
117 210
118 210
119 210
120 210
121 210
122 210
123 210
124 210
125 210
126 210
127 210
128 210
129 210
130 210
131 210
132 210
133 210
134 210
135 210
136 210
137 210
138 210
139 210
140 210
141 210
142 210
143 210
144 210
145 210
146 210
147 210
148 210
149 210
150 210
151 210
152 210
153 210
154 210
155 210
156 210
157 210
158 210
159 210
160 210
161 210
162 210
163 210
164 210
165 210
166 210
167 210
168 210
169 210
170 210
171 210
172 210
173 210
174 210
175 210
176 210
177 210
178 210
179 210
180 210
181 210
182 210
183 210
184 210
185 210
186 210
187 210
188 210
189 210
190 210
191 210
192 210
193 210
194 210
195 210
196 210
197 210
198 210
199 210
200 210
201 210
202 210
203 210
204 210
205 210
206 210
207 210
208 210
209 210
210 210
211 210
212 210
213 210
214 210
215 210
216 210
217 210
218 210
219 210
220 210
221 210
222 210
223 210
224 210
225 210
226 210
227 210
228 210
229 210
230 210
231 210
232 210
233 210
234 210
235 210
236 210
237 210
238 210
239 210
240 210
241 210
242 210
243 210
244 210
245 210
246 210
247 210
248 210
249 210
250 210
251 210
252 210
253 210
254 210
255 210
256 210
257 210
258 210
259 210
260 210
261 210
262 210
263 210
264 210
265 210
266 210
267 210
268 210
269 210
270 210
271 210
272 210
273 210
274 210
275 210
276 210
277 210
278 210
279 210
280 210
281 210
282 210
283 210
284 210
285 210
286 210
287 210
288 210
289 210
290 210
291 210
292 210
293 210
294 210
295 210
296 210
297 210
298 210
299 210
300 210
301 210
302 210
303 210
304 210
305 210
306 210
307 210
308 210
309 210
310 210
311 210
312 210
313 210
314 210
315 210
316 210
317 210
318 210
319 210
320 210
321 210
322 210
323 210
324 210
325 210
326 210
327 210
328 210
329 210
330 210
331 210
332 210
333 210
334 210
335 210
336 210
337 210
338 210
339 210
340 210
341 210
342 210
343 210
344 210
345 210
346 210
347 210
348 210
349 210
350 210
351 210
352 210
353 210
354 210
355 210
356 210
357 210
358 210
359 210
360 210
360 209
360 208
360 207
360 206
360 205
360 204
360 203
360 202
360 201
360 200
360 199
360 198
360 197
360 196
360 195
360 194
360 193
360 192
360 191
360 190
360 189
360 188
360 187
360 186
360 185
360 184
360 183
360 182
360 181
360 180
360 179
360 178
360 177
360 176
360 175
360 174
360 173
360 172
360 171
360 170
360 169
360 168
360 167
360 166
360 165
360 164
360 163
360 162
360 161
360 160
360 159
360 158
360 157
360 156
360 155
360 154
360 153
360 152
360 151
360 150
360 149
360 148
360 147
360 146
360 145
360 144
360 143
360 142
360 141
360 140
360 139
360 138
360 137
360 136
360 135
360 134
360 133
360 132
360 131
360 130
360 129
360 128
360 127
360 126
360 125
360 124
360 123
360 122
360 121
360 120
360 119
360 118
360 117
360 116
360 115
360 114
360 113
360 112
360 111
360 110
360 109
360 108
360 107
360 106
360 105
360 104
360 103
360 102
360 101
360 100
360 99
360 98
360 97
360 96
360 95
360 94
360 93
360 92
360 91
360 90
360 89
360 88
360 87
360 86
360 85
360 84
360 83
360 82
360 81
360 80
360 79
360 78
360 77
360 76
360 75
360 74
360 73
360 72
360 71
360 70
360 69
360 68
360 67
360 66
360 65
360 64
360 63
360 62
360 61
360 60
360 59
360 58
360 57
360 56
360 55
360 54
360 53
360 52
360 51
360 50
360 49
360 48
360 47
360 46
360 45
360 44
360 43
360 42
360 41
360 40
360 39
360 38
360 37
360 36
360 35
360 34
360 33
360 32
360 31
360 30
360 29
360 28
360 27
360 26
360 25
360 24
360 23
360 22
360 21
360 20
360 19
360 18
360 17
360 16
360 15
360 14
360 13
360 12
360 11
360 10
360 9
360 8
360 7
360 6
360 5
360 4
360 3
360 2
360 1
360 0