50 130
51 130
52 130
53 130
54 130
55 130
56 130
57 130
58 130
59 130
60 130
61 130
62 130
63 130
64 130
65 130
66 130
67 130
68 130
69 130
70 130
71 130
72 130
73 130
74 130
75 130
76 130
77 130
78 130
79 130
80 130
81 130
82 130
83 130
84 130
85 130
86 130
87 130
88 130
89 130
90 130
91 130
92 130
93 130
94 130
95 130
96 130
97 130
98 130
99 130
100 130
101 130
102 130
103 130
104 130
105 130
106 130
107 130
108 130
109 130
110 130
111 130
112 130
113 130
114 130
115 130
116 130
117 130
118 130
119 130
120 130
121 130
122 130
123 130
124 130
125 130
126 130
127 130
128 130
129 130
130 130
131 130
132 130
133 130
134 130
135 130
136 130
137 130
138 130
139 130
140 130
141 130
142 130
143 130
144 130
145 130
146 130
147 130
148 130
149 130
150 130
151 130
152 130
153 130
154 130
155 130
156 130
157 130
158 130
159 130
160 130
161 130
162 130
163 130
164 130
165 130
166 130
167 130
168 130
169 130
170 130
171 130
172 130
173 130
174 130
175 130
176 130
177 130
178 130
179 130
180 130
181 130
182 130
183 130
184 130
185 130
186 130
187 130
188 130
189 130
190 130
191 130
192 130
193 130
194 130
195 130
196 130
197 130
198 130
199 130
200 130
201 130
202 130
203 130
204 130
205 130
206 130
207 130
208 130
209 130
210 130
211 130
212 130
213 130
214 130
215 130
216 130
217 130
218 130
219 130
220 130
221 130
222 130
223 130
224 130
225 130
226 130
227 130
228 130
229 130
230 130
231 130
232 130
233 130
234 130
235 130
236 130
237 130
238 130
239 130
240 130
241 130
242 130
243 130
244 130
245 130
246 130
247 130
248 130
249 130
250 130
251 130
252 130
253 130
254 130
255 130
256 130
257 130
258 130
259 130
260 130
261 130
262 130
263 130
264 130
265 130
266 130
267 130
268 130
269 130
270 130
271 130
272 130
273 130
274 130
275 130
276 130
277 130
278 130
279 130
280 130
281 130
282 130
283 130
284 130
285 130
286 130
287 130
288 130
289 130
290 130
291 130
292 130
293 130
294 130
295 130
296 130
297 130
298 130
299 130
300 130
301 130
302 130
303 130
304 130
305 130
306 130
307 130
308 130
309 130
310 130
311 130
312 130
313 130
314 130
315 130
316 130
317 130
318 130
319 130
320 130
321 130
322 130
323 130
324 130
325 130
326 130
327 130
328 130
329 130
330 130
331 130
332 130
333 130
334 130
335 130
336 130
337 130
338 130
339 130
340 130
341 130
342 130
343 130
344 130
345 130
346 130
347 130
348 130
349 130
350 130
350 130
350 131
350 132
350 133
350 134
350 135
350 136
350 137
350 138
350 139
350 140
350 141
350 142
350 143
350 144
350 145
350 146
350 147
350 148
350 149
350 150
350 151
350 152
350 153
350 154
350 155
350 156
350 157
350 158
350 159
350 160
350 161
350 162
350 163
350 164
350 165
350 166
350 167
350 168
350 169
350 170
350 171
350 172
350 173
350 174
350 175
350 176
350 177
350 178
350 179
350 180
350 181
350 182
350 183
350 184
350 185
350 186
350 187
350 188
350 189
350 190
350 191
350 192
350 193
350 194
350 195
350 196
350 197
350 198
350 199
350 200
350 201
350 202
350 203
350 204
350 205
350 206
350 207
350 208
350 209
350 210
350 211
350 212
350 213
350 214
350 215
350 216
350 217
350 218
350 219
350 220
350 221
350 222
350 223
350 224
350 225
350 226
350 227
350 228
350 229
350 230
350 231
350 232
350 233
350 234
350 235
350 236
350 237
350 238
350 239
350 240
350 241
350 242
350 243
350 244
350 245
350 246
350 247
350 248
350 249
350 250
350 251
350 252
350 253
350 254
350 255
350 256
350 257
350 258
350 259
350 260
350 261
350 262
350 263
350 264
350 265
350 266
350 267
350 268
350 269
350 270
