360 270
360 269
360 268
360 267
360 266
360 265
360 264
360 263
360 262
360 261
360 260
360 259
360 258
360 257
360 256
360 255
360 254
360 253
360 252
360 251
360 250
360 249
360 248
360 247
360 246
360 245
360 244
360 243
360 242
360 241
360 240
360 239
360 238
360 237
360 236
360 235
360 234
360 233
360 232
360 231
360 230
360 229
360 228
360 227
360 226
360 225
360 224
360 223
360 222
360 221
360 220
360 219
360 218
360 217
360 216
360 215
360 214
360 213
360 212
360 211
360 210
360 209
360 208
360 207
360 206
360 205
360 204
360 203
360 202
360 201
360 200
360 199
360 198
360 197
360 196
360 195
360 194
360 193
360 192
360 191
360 190
360 189
360 188
360 187
360 186
360 185
360 184
360 183
360 182
360 181
360 180
360 179
360 178
360 177
360 176
360 175
360 174
360 173
360 172
360 171
360 170
360 169
360 168
360 167
360 166
360 165
360 164
360 163
360 162
360 161
360 160
360 159
360 158
360 157
360 156
360 155
360 154
360 153
360 152
360 151
360 150
360 149
360 148
360 147
360 146
360 145
360 144
360 143
360 142
360 141
360 140
360 139
360 138
360 137
360 136
360 135
360 134
360 133
360 132
360 131
360 130
360 129
360 128
360 127
360 126
360 125
360 124
360 123
360 122
360 121
360 120
360 119
360 118
360 117
360 116
360 115
360 114
360 113
360 112
360 111
360 110
360 109
360 108
360 107
360 106
360 105
360 104
360 103
360 102
360 101
360 100
360 99
360 98
360 97
360 96
360 95
360 94
360 93
360 92
360 91
360 90
360 89
360 88
360 87
360 86
360 85
360 84
360 83
360 82
360 81
360 80
360 79
360 78
360 77
360 76
360 75
360 74
360 73
360 72
360 71
360 70
360 69
360 68
360 67
360 66
360 65
360 64
360 63
360 62
360 61
360 60
360 59
360 58
360 57
360 56
360 55
360 54
360 53
360 52
360 51
360 50
360 49
360 48
360 47
360 46
360 45
360 44
360 43
360 42
360 41
360 40
360 39
360 38
360 37
360 36
360 35
360 34
360 33
360 32
360 31
360 30
360 29
360 28
360 27
360 26
360 25
360 24
360 23
360 22
360 21
360 20
360 19
360 18
360 17
360 16
360 15
360 14
360 13
360 12
360 11
360 10
360 9
360 8
360 7
360 6
360 5
360 4
360 3
360 2
360 1
360 0