350 0
350 1
350 2
350 3
350 4
350 5
350 6
350 7
350 8
350 9
350 10
350 11
350 12
350 13
350 14
350 15
350 16
350 17
350 18
350 19
350 20
350 21
350 22
350 23
350 24
350 25
350 26
350 27
350 28
350 29
350 30
350 31
350 32
350 33
350 34
350 35
350 36
350 37
350 38
350 39
350 40
350 41
350 42
350 43
350 44
350 45
350 46
350 47
350 48
350 49
350 50
350 51
350 52
350 53
350 54
350 55
350 56
350 57
350 58
350 59
350 60
350 61
350 62
350 63
350 64
350 65
350 66
350 67
350 68
350 69
350 70
350 71
350 72
350 73
350 74
350 75
350 76
350 77
350 78
350 79
350 80
350 81
350 82
350 83
350 84
350 85
350 86
350 87
350 88
350 89
350 90
350 91
350 92
350 93
350 94
350 95
350 96
350 97
350 98
350 99
350 100
350 101
350 102
350 103
350 104
350 105
350 106
350 107
350 108
350 109
350 110
350 111
350 112
350 113
350 114
350 115
350 116
350 117
350 118
350 119
350 120
349 120
348 120
347 120
346 120
345 120
344 120
343 120
342 120
341 120
340 120
339 120
338 120
337 120
336 120
335 120
334 120
333 120
332 120
331 120
330 120
329 120
328 120
327 120
326 120
325 120
324 120
323 120
322 120
321 120
320 120
319 120
318 120
317 120
316 120
315 120
314 120
313 120
312 120
311 120
310 120
309 120
308 120
307 120
306 120
305 120
304 120
303 120
302 120
301 120
300 120
299 120
298 120
297 120
296 120
295 120
294 120
293 120
292 120
291 120
290 120
289 120
288 120
287 120
286 120
285 120
284 120
283 120
282 120
281 120
280 120
279 120
278 120
277 120
276 120
275 120
274 120
273 120
272 120
271 120
270 120
269 120
268 120
267 120
266 120
265 120
264 120
263 120
262 120
261 120
260 120
259 120
258 120
257 120
256 120
255 120
254 120
253 120
252 120
251 120
250 120
249 120
248 120
247 120
246 120
245 120
244 120
243 120
242 120
241 120
240 120
239 120
238 120
237 120
236 120
235 120
234 120
233 120
232 120
231 120
230 120
229 120
228 120
227 120
226 120
225 120
224 120
223 120
222 120
221 120
220 120
219 120
218 120
217 120
216 120
215 120
214 120
213 120
212 120
211 120
210 120
209 120
208 120
207 120
206 120
205 120
204 120
203 120
202 120
201 120
200 120
199 120
198 120
197 120
196 120
195 120
194 120
193 120
192 120
191 120
190 120
189 120
188 120
187 120
186 120
185 120
184 120
183 120
182 120
181 120
180 120
179 120
178 120
177 120
176 120
175 120
174 120
173 120
172 120
171 120
170 120
169 120
168 120
167 120
166 120
165 120
164 120
163 120
162 120
161 120
160 120
159 120
158 120
157 120
156 120
155 120
154 120
153 120
152 120
151 120
150 120
149 120
148 120
147 120
146 120
145 120
144 120
143 120
142 120
141 120
140 120
139 120
138 120
137 120
136 120
135 120
134 120
133 120
132 120
131 120
130 120
129 120
128 120
127 120
126 120
125 120
124 120
123 120
122 120
121 120
120 120
119 120
118 120
117 120
116 120
115 120
114 120
113 120
112 120
111 120
110 120
109 120
108 120
107 120
106 120
105 120
104 120
103 120
102 120
101 120
100 120
99 120
98 120
97 120
96 120
95 120
94 120
93 120
92 120
91 120
90 120
89 120
88 120
87 120
86 120
85 120
84 120
83 120
82 120
81 120
80 120
79 120
78 120
77 120
76 120
75 120
74 120
73 120
72 120
71 120
70 120
69 120
68 120
67 120
66 120
65 120
64 120
63 120
62 120
61 120
60 120
60 119
60 118
60 117
60 116
60 115
60 114
60 113
60 112
60 111
60 110
60 109
60 108
60 107
60 106
60 105
60 104
60 103
60 102
60 101
60 100
60 99
60 98
60 97
60 96
60 95
60 94
60 93
60 92
60 91
60 90
60 89
60 88
60 87
60 86
60 85
60 84
60 83
60 82
60 81
60 80
60 79
60 78
60 77
60 76
60 75
60 74
60 73
60 72
60 71
60 70
60 69
60 68
60 67
60 66
60 65
60 64
60 63
60 62
60 61
60 60
60 59
60 58
60 57
60 56
60 55
60 54
60 53
60 52
60 51
60 50
60 49
60 48
60 47
60 46
60 45
60 44
60 43
60 42
60 41
60 40
60 39
60 38
60 37
60 36
60 35
60 34
60 33
60 32
60 31
60 30
60 29
60 28
60 27
60 26
60 25
60 24
60 23
60 22
60 21
60 20
60 19
60 18
60 17
60 16
60 15
60 14
60 13
60 12
60 11
60 10
60 9
60 8
60 7
60 6
60 5
60 4
60 3
60 2
60 1
60 0